@relation 'TrainSet-weka.filters.unsupervised.attribute.Remove-R1-weka.filters.unsupervised.attribute.Remove-V-R8,65,3,41,63,67'

@attribute EDm numeric
@attribute RGm numeric
@attribute El numeric
@attribute SFm numeric
@attribute RTm numeric
@attribute class {aggressive,happy,relaxed,sad}

@data
5.243943,43.028042,0.003345,172.473362,41.248632,aggressive
7.434451,36.336147,0.005113,212.477016,36.544511,aggressive
7.334882,43.087762,0.00447,213.934192,41.719539,aggressive
4.825737,52.134777,0.004168,285.776047,43.17858,aggressive
3.910991,91.929329,0.006795,225.15591,89.99585,aggressive
6.056435,44.973613,0.004031,169.391048,44.035821,aggressive
4.937044,76.089458,0.004825,207.128074,66.548772,aggressive
5.898123,38.285625,0.003655,173.886027,36.906376,aggressive
6.780799,63.006797,0.003637,147.895768,64.23846,aggressive
6.132708,66.533004,0.002931,208.585788,59.233491,aggressive
4.859249,49.077618,0.002474,146.582449,49.980679,aggressive
4.77929,57.876921,0.004211,233.616393,50.468005,aggressive
4.05496,94.858258,0.004,167.566765,86.844234,aggressive
3.987936,68.628052,0.003943,190.671231,62.003779,aggressive
2.309538,86.672781,0.004266,144.412523,62.361742,aggressive
3.315773,93.577339,0.003355,175.041056,81.807311,happy
3.786863,97.267901,0.004264,188.74367,93.320428,happy
2.907754,90.737099,0.002798,80.306205,69.436228,happy
4.274354,90.9565,0.004045,161.194275,91.006133,happy
3.777336,70.415811,0.005004,182.037109,68.344421,happy
4.883721,82.907795,0.007334,187.785938,86.286212,happy
3.709893,107.578386,0.005631,204.229895,100.048496,happy
2.220013,76.856337,0.008309,159.658567,67.861911,happy
3.857972,76.064116,0.004089,212.107973,65.967305,happy
4.712911,92.171162,0.004471,261.994999,92.287024,happy
3.677932,93.952347,0.004268,175.030985,81.829536,happy
2.866667,97.91139,0.003442,167.91834,84.14438,happy
4.278075,95.279948,0.003831,214.0143,84.425121,happy
3.409091,91.983897,0.00508,224.625175,81.479814,happy
2.906977,67.464943,0.003117,110.493926,68.483968,happy
1.1,102.510153,0.002839,70.756953,94.24535,relaxed
1.573485,147.674587,0.001642,42.008048,133.423142,relaxed
0.331895,161.081678,0.001643,23.891166,135.820926,relaxed
1.977212,135.04349,0.003309,100.098036,109.786456,relaxed
2.090939,16.601253,0.00319,91.613342,17.314847,relaxed
4.39008,87.946429,0.003021,86.737523,79.445829,relaxed
2.190508,127.195828,0.003285,118.693633,121.896239,relaxed
3.384718,42.209257,0.002977,85.44354,33.954373,relaxed
3.288136,56.93993,0.002894,97.149313,52.632592,relaxed
2.787919,114.396262,0.002396,88.373145,104.897454,relaxed
3.081717,111.778935,0.002632,93.302483,105.62137,relaxed
2.256887,113.648722,0.002933,62.684703,113.634142,relaxed
2.253148,88.433921,0.002676,94.362046,86.085924,relaxed
2.256887,119.443187,0.003616,100.544043,114.042974,relaxed
1.36077,75.408754,0.001447,64.670869,59.402697,relaxed
2.783049,132.573614,0.002033,107.989853,118.197619,sad
1.192843,105.695269,0.001629,49.796342,91.335173,sad
0.199137,129.100276,0.001417,29.977885,101.929735,sad
1.268781,147.240408,0.001451,55.589633,136.737957,sad
2.010724,105.757867,0.001927,92.307486,93.776651,sad
1.822399,123.782799,0.002224,82.003389,109.848709,sad
1.371696,156.887355,0.002376,40.169502,136.082222,sad
1.526718,138.461448,0.001995,53.465109,116.34425,sad
2.680965,129.355674,0.002614,122.574707,109.759179,sad
1.206434,133.44287,0.002249,46.124002,114.396976,sad
1.692665,110.386486,0.002107,94.46716,102.239417,sad
2.077748,138.74903,0.003409,82.311543,129.45667,sad
1.838235,128.22969,0.001509,64.289954,103.70195,sad
1.988072,126.258108,0.001763,82.933432,114.21475,sad
0.463623,143.475703,0.001211,32.287831,124.086465,sad